001 - 07 10 24 27 36 37 44 55 57
002 - 03 10 19 24 36 41 42 51 57
003 - 01 07 10 24 28 36 41 42 55
004 - 09 17 24 30 35 43 48 53 56
005 - 04 09 11 28 36 45 49 52 57
006 - 03 09 16 24 28 34 35 47 52
007 - 01 04 10 17 25 34 42 48 59
008 - 07 18 26 28 30 43 49 51 52
009 - 07 14 20 27 36 37 47 53 56



001 - 02 09 17 30 36 42 51 55
002 - 10 19 23 24 37 45 46 60
003 - 04 10 22 23 39 47 53 56
004 - 18 23 25 32 37 48 51 59
005 - 19 26 28 32 37 41 47 53
006 - 09 16 27 32 33 41 54 57
007 - 14 20 29 33 37 43 48 51
008 - 04 09 10 27 32 35 41 60
009 - 01 10 17 25 32 39 42 44
010 - 07 09 17 31 32 45 54 58
011 - 04 09 11 37 38 40 45 55
012 - 07 13 16 37 44 45 51 60
013 - 03 16 29 38 41 42 53 57
014 - 13 19 22 34 45 47 51 54
015 - 04 13 25 29 34 36 52 57
016 - 01 04 14 15 33 38 46 59
017 - 07 12 17 27 32 36 40 57
018 - 13 19 26 30 37 42 45 56
019 - 03 09 17 29 34 38 50 52
020 - 10 11 25 28 33 34 46 55
021 - 01 08 25 28 31 33 48 58
022 - 15 20 25 36 37 41 43 52
023 - 07 16 23 32 39 44 49 51


001 - 04 16 21 30 37 53 60
002 - 03 04 28 29 37 48 56
003 - 01 03 10 12 33 48 54
004 - 04 14 25 28 46 47 53
005 - 04 14 16 21 37 50 53
006 - 06 17 21 30 33 54 60
007 - 03 16 18 21 33 52 54
008 - 17 24 25 36 37 41 48
009 - 04 19 22 33 44 45 51
010 - 03 06 23 38 42 51 55
011 - 15 16 24 32 37 51 55
012 - 03 25 28 37 38 46 51
013 - 03 08 27 36 37 42 55