----------------------------------------
Total: 816

001 - GER: 16 17 19 IGN: 28 45 58 21 31 35 53 54 57 02 03 05 10 15 34 
002 - GER: 16 17 28 IGN: 19 45 58 21 31 35 53 54 57 02 03 05 10 15 34 
003 - GER: 16 17 45 IGN: 19 28 58 21 31 35 53 54 57 02 03 05 10 15 34 
004 - GER: 16 17 58 IGN: 19 28 45 21 31 35 53 54 57 02 03 05 10 15 34 
005 - GER: 16 17 21 IGN: 19 28 45 58 31 35 53 54 57 02 03 05 10 15 34 
006 - GER: 16 17 31 IGN: 19 28 45 58 21 35 53 54 57 02 03 05 10 15 34 
007 - GER: 16 17 35 IGN: 19 28 45 58 21 31 53 54 57 02 03 05 10 15 34 
008 - GER: 16 17 53 IGN: 19 28 45 58 21 31 35 54 57 02 03 05 10 15 34 
009 - GER: 16 17 54 IGN: 19 28 45 58 21 31 35 53 57 02 03 05 10 15 34 
010 - GER: 16 17 57 IGN: 19 28 45 58 21 31 35 53 54 02 03 05 10 15 34 
011 - GER: 16 17 02 IGN: 19 28 45 58 21 31 35 53 54 57 03 05 10 15 34 
012 - GER: 16 17 03 IGN: 19 28 45 58 21 31 35 53 54 57 02 05 10 15 34 
013 - GER: 16 17 05 IGN: 19 28 45 58 21 31 35 53 54 57 02 03 10 15 34 
014 - GER: 16 17 10 IGN: 19 28 45 58 21 31 35 53 54 57 02 03 05 15 34 
015 - GER: 16 17 15 IGN: 19 28 45 58 21 31 35 53 54 57 02 03 05 10 34 
016 - GER: 16 17 34 IGN: 19 28 45 58 21 31 35 53 54 57 02 03 05 10 15 
017 - GER: 16 19 28 IGN: 17 45 58 21 31 35 53 54 57 02 03 05 10 15 34 
018 - GER: 16 19 45 IGN: 17 28 58 21 31 35 53 54 57 02 03 05 10 15 34 
019 - GER: 16 19 58 IGN: 17 28 45 21 31 35 53 54 57 02 03 05 10 15 34 
020 - GER: 16 19 21 IGN: 17 28 45 58 31 35 53 54 57 02 03 05 10 15 34 
021 - GER: 16 19 31 IGN: 17 28 45 58 21 35 53 54 57 02 03 05 10 15 34 
022 - GER: 16 19 35 IGN: 17 28 45 58 21 31 53 54 57 02 03 05 10 15 34 
023 - GER: 16 19 53 IGN: 17 28 45 58 21 31 35 54 57 02 03 05 10 15 34 
024 - GER: 16 19 54 IGN: 17 28 45 58 21 31 35 53 57 02 03 05 10 15 34 
025 - GER: 16 19 57 IGN: 17 28 45 58 21 31 35 53 54 02 03 05 10 15 34 
026 - GER: 16 19 02 IGN: 17 28 45 58 21 31 35 53 54 57 03 05 10 15 34 
027 - GER: 16 19 03 IGN: 17 28 45 58 21 31 35 53 54 57 02 05 10 15 34 
028 - GER: 16 19 05 IGN: 17 28 45 58 21 31 35 53 54 57 02 03 10 15 34 
029 - GER: 16 19 10 IGN: 17 28 45 58 21 31 35 53 54 57 02 03 05 15 34 
030 - GER: 16 19 15 IGN: 17 28 45 58 21 31 35 53 54 57 02 03 05 10 34 
031 - GER: 16 19 34 IGN: 17 28 45 58 21 31 35 53 54 57 02 03 05 10 15 
032 - GER: 16 28 45 IGN: 17 19 58 21 31 35 53 54 57 02 03 05 10 15 34 
033 - GER: 16 28 58 IGN: 17 19 45 21 31 35 53 54 57 02 03 05 10 15 34 
034 - GER: 16 28 21 IGN: 17 19 45 58 31 35 53 54 57 02 03 05 10 15 34 
035 - GER: 16 28 31 IGN: 17 19 45 58 21 35 53 54 57 02 03 05 10 15 34 
036 - GER: 16 28 35 IGN: 17 19 45 58 21 31 53 54 57 02 03 05 10 15 34 
037 - GER: 16 28 53 IGN: 17 19 45 58 21 31 35 54 57 02 03 05 10 15 34 
038 - GER: 16 28 54 IGN: 17 19 45 58 21 31 35 53 57 02 03 05 10 15 34 
039 - GER: 16 28 57 IGN: 17 19 45 58 21 31 35 53 54 02 03 05 10 15 34 
040 - GER: 16 28 02 IGN: 17 19 45 58 21 31 35 53 54 57 03 05 10 15 34 
041 - GER: 16 28 03 IGN: 17 19 45 58 21 31 35 53 54 57 02 05 10 15 34 
042 - GER: 16 28 05 IGN: 17 19 45 58 21 31 35 53 54 57 02 03 10 15 34 
043 - GER: 16 28 10 IGN: 17 19 45 58 21 31 35 53 54 57 02 03 05 15 34 
044 - GER: 16 28 15 IGN: 17 19 45 58 21 31 35 53 54 57 02 03 05 10 34 
045 - GER: 16 28 34 IGN: 17 19 45 58 21 31 35 53 54 57 02 03 05 10 15 
046 - GER: 16 45 58 IGN: 17 19 28 21 31 35 53 54 57 02 03 05 10 15 34 
047 - GER: 16 45 21 IGN: 17 19 28 58 31 35 53 54 57 02 03 05 10 15 34 
048 - GER: 16 45 31 IGN: 17 19 28 58 21 35 53 54 57 02 03 05 10 15 34 
049 - GER: 16 45 35 IGN: 17 19 28 58 21 31 53 54 57 02 03 05 10 15 34 
050 - GER: 16 45 53 IGN: 17 19 28 58 21 31 35 54 57 02 03 05 10 15 34 
051 - GER: 16 45 54 IGN: 17 19 28 58 21 31 35 53 57 02 03 05 10 15 34 
052 - GER: 16 45 57 IGN: 17 19 28 58 21 31 35 53 54 02 03 05 10 15 34 
053 - GER: 16 45 02 IGN: 17 19 28 58 21 31 35 53 54 57 03 05 10 15 34 
054 - GER: 16 45 03 IGN: 17 19 28 58 21 31 35 53 54 57 02 05 10 15 34 
055 - GER: 16 45 05 IGN: 17 19 28 58 21 31 35 53 54 57 02 03 10 15 34 
056 - GER: 16 45 10 IGN: 17 19 28 58 21 31 35 53 54 57 02 03 05 15 34 
057 - GER: 16 45 15 IGN: 17 19 28 58 21 31 35 53 54 57 02 03 05 10 34 
058 - GER: 16 45 34 IGN: 17 19 28 58 21 31 35 53 54 57 02 03 05 10 15 
059 - GER: 16 58 21 IGN: 17 19 28 45 31 35 53 54 57 02 03 05 10 15 34 
060 - GER: 16 58 31 IGN: 17 19 28 45 21 35 53 54 57 02 03 05 10 15 34 
061 - GER: 16 58 35 IGN: 17 19 28 45 21 31 53 54 57 02 03 05 10 15 34 
062 - GER: 16 58 53 IGN: 17 19 28 45 21 31 35 54 57 02 03 05 10 15 34 
063 - GER: 16 58 54 IGN: 17 19 28 45 21 31 35 53 57 02 03 05 10 15 34 
064 - GER: 16 58 57 IGN: 17 19 28 45 21 31 35 53 54 02 03 05 10 15 34 
065 - GER: 16 58 02 IGN: 17 19 28 45 21 31 35 53 54 57 03 05 10 15 34 
066 - GER: 16 58 03 IGN: 17 19 28 45 21 31 35 53 54 57 02 05 10 15 34 
067 - GER: 16 58 05 IGN: 17 19 28 45 21 31 35 53 54 57 02 03 10 15 34 
068 - GER: 16 58 10 IGN: 17 19 28 45 21 31 35 53 54 57 02 03 05 15 34 
069 - GER: 16 58 15 IGN: 17 19 28 45 21 31 35 53 54 57 02 03 05 10 34 
070 - GER: 16 58 34 IGN: 17 19 28 45 21 31 35 53 54 57 02 03 05 10 15 
071 - GER: 16 21 31 IGN: 17 19 28 45 58 35 53 54 57 02 03 05 10 15 34 
072 - GER: 16 21 35 IGN: 17 19 28 45 58 31 53 54 57 02 03 05 10 15 34 
073 - GER: 16 21 53 IGN: 17 19 28 45 58 31 35 54 57 02 03 05 10 15 34 
074 - GER: 16 21 54 IGN: 17 19 28 45 58 31 35 53 57 02 03 05 10 15 34 
075 - GER: 16 21 57 IGN: 17 19 28 45 58 31 35 53 54 02 03 05 10 15 34 
076 - GER: 16 21 02 IGN: 17 19 28 45 58 31 35 53 54 57 03 05 10 15 34 
077 - GER: 16 21 03 IGN: 17 19 28 45 58 31 35 53 54 57 02 05 10 15 34 
078 - GER: 16 21 05 IGN: 17 19 28 45 58 31 35 53 54 57 02 03 10 15 34 
079 - GER: 16 21 10 IGN: 17 19 28 45 58 31 35 53 54 57 02 03 05 15 34 
080 - GER: 16 21 15 IGN: 17 19 28 45 58 31 35 53 54 57 02 03 05 10 34 
081 - GER: 16 21 34 IGN: 17 19 28 45 58 31 35 53 54 57 02 03 05 10 15 
082 - GER: 16 31 35 IGN: 17 19 28 45 58 21 53 54 57 02 03 05 10 15 34 
083 - GER: 16 31 53 IGN: 17 19 28 45 58 21 35 54 57 02 03 05 10 15 34 
084 - GER: 16 31 54 IGN: 17 19 28 45 58 21 35 53 57 02 03 05 10 15 34 
085 - GER: 16 31 57 IGN: 17 19 28 45 58 21 35 53 54 02 03 05 10 15 34 
086 - GER: 16 31 02 IGN: 17 19 28 45 58 21 35 53 54 57 03 05 10 15 34 
087 - GER: 16 31 03 IGN: 17 19 28 45 58 21 35 53 54 57 02 05 10 15 34 
088 - GER: 16 31 05 IGN: 17 19 28 45 58 21 35 53 54 57 02 03 10 15 34 
089 - GER: 16 31 10 IGN: 17 19 28 45 58 21 35 53 54 57 02 03 05 15 34 
090 - GER: 16 31 15 IGN: 17 19 28 45 58 21 35 53 54 57 02 03 05 10 34 
091 - GER: 16 31 34 IGN: 17 19 28 45 58 21 35 53 54 57 02 03 05 10 15 
092 - GER: 16 35 53 IGN: 17 19 28 45 58 21 31 54 57 02 03 05 10 15 34 
093 - GER: 16 35 54 IGN: 17 19 28 45 58 21 31 53 57 02 03 05 10 15 34 
094 - GER: 16 35 57 IGN: 17 19 28 45 58 21 31 53 54 02 03 05 10 15 34 
095 - GER: 16 35 02 IGN: 17 19 28 45 58 21 31 53 54 57 03 05 10 15 34 
096 - GER: 16 35 03 IGN: 17 19 28 45 58 21 31 53 54 57 02 05 10 15 34 
097 - GER: 16 35 05 IGN: 17 19 28 45 58 21 31 53 54 57 02 03 10 15 34 
098 - GER: 16 35 10 IGN: 17 19 28 45 58 21 31 53 54 57 02 03 05 15 34 
099 - GER: 16 35 15 IGN: 17 19 28 45 58 21 31 53 54 57 02 03 05 10 34 
100 - GER: 16 35 34 IGN: 17 19 28 45 58 21 31 53 54 57 02 03 05 10 15 
101 - GER: 16 53 54 IGN: 17 19 28 45 58 21 31 35 57 02 03 05 10 15 34 
102 - GER: 16 53 57 IGN: 17 19 28 45 58 21 31 35 54 02 03 05 10 15 34 
103 - GER: 16 53 02 IGN: 17 19 28 45 58 21 31 35 54 57 03 05 10 15 34 
104 - GER: 16 53 03 IGN: 17 19 28 45 58 21 31 35 54 57 02 05 10 15 34 
105 - GER: 16 53 05 IGN: 17 19 28 45 58 21 31 35 54 57 02 03 10 15 34 
106 - GER: 16 53 10 IGN: 17 19 28 45 58 21 31 35 54 57 02 03 05 15 34 
107 - GER: 16 53 15 IGN: 17 19 28 45 58 21 31 35 54 57 02 03 05 10 34 
108 - GER: 16 53 34 IGN: 17 19 28 45 58 21 31 35 54 57 02 03 05 10 15 
109 - GER: 16 54 57 IGN: 17 19 28 45 58 21 31 35 53 02 03 05 10 15 34 
110 - GER: 16 54 02 IGN: 17 19 28 45 58 21 31 35 53 57 03 05 10 15 34 
111 - GER: 16 54 03 IGN: 17 19 28 45 58 21 31 35 53 57 02 05 10 15 34 
112 - GER: 16 54 05 IGN: 17 19 28 45 58 21 31 35 53 57 02 03 10 15 34 
113 - GER: 16 54 10 IGN: 17 19 28 45 58 21 31 35 53 57 02 03 05 15 34 
114 - GER: 16 54 15 IGN: 17 19 28 45 58 21 31 35 53 57 02 03 05 10 34 
115 - GER: 16 54 34 IGN: 17 19 28 45 58 21 31 35 53 57 02 03 05 10 15 
116 - GER: 16 57 02 IGN: 17 19 28 45 58 21 31 35 53 54 03 05 10 15 34 
117 - GER: 16 57 03 IGN: 17 19 28 45 58 21 31 35 53 54 02 05 10 15 34 
118 - GER: 16 57 05 IGN: 17 19 28 45 58 21 31 35 53 54 02 03 10 15 34 
119 - GER: 16 57 10 IGN: 17 19 28 45 58 21 31 35 53 54 02 03 05 15 34 
120 - GER: 16 57 15 IGN: 17 19 28 45 58 21 31 35 53 54 02 03 05 10 34 
121 - GER: 16 57 34 IGN: 17 19 28 45 58 21 31 35 53 54 02 03 05 10 15 
122 - GER: 16 02 03 IGN: 17 19 28 45 58 21 31 35 53 54 57 05 10 15 34 
123 - GER: 16 02 05 IGN: 17 19 28 45 58 21 31 35 53 54 57 03 10 15 34 
124 - GER: 16 02 10 IGN: 17 19 28 45 58 21 31 35 53 54 57 03 05 15 34 
125 - GER: 16 02 15 IGN: 17 19 28 45 58 21 31 35 53 54 57 03 05 10 34 
126 - GER: 16 02 34 IGN: 17 19 28 45 58 21 31 35 53 54 57 03 05 10 15 
127 - GER: 16 03 05 IGN: 17 19 28 45 58 21 31 35 53 54 57 02 10 15 34 
128 - GER: 16 03 10 IGN: 17 19 28 45 58 21 31 35 53 54 57 02 05 15 34 
129 - GER: 16 03 15 IGN: 17 19 28 45 58 21 31 35 53 54 57 02 05 10 34 
130 - GER: 16 03 34 IGN: 17 19 28 45 58 21 31 35 53 54 57 02 05 10 15 
131 - GER: 16 05 10 IGN: 17 19 28 45 58 21 31 35 53 54 57 02 03 15 34 
132 - GER: 16 05 15 IGN: 17 19 28 45 58 21 31 35 53 54 57 02 03 10 34 
133 - GER: 16 05 34 IGN: 17 19 28 45 58 21 31 35 53 54 57 02 03 10 15 
134 - GER: 16 10 15 IGN: 17 19 28 45 58 21 31 35 53 54 57 02 03 05 34 
135 - GER: 16 10 34 IGN: 17 19 28 45 58 21 31 35 53 54 57 02 03 05 15 
136 - GER: 16 15 34 IGN: 17 19 28 45 58 21 31 35 53 54 57 02 03 05 10 
137 - GER: 17 19 28 IGN: 16 45 58 21 31 35 53 54 57 02 03 05 10 15 34 
138 - GER: 17 19 45 IGN: 16 28 58 21 31 35 53 54 57 02 03 05 10 15 34 
139 - GER: 17 19 58 IGN: 16 28 45 21 31 35 53 54 57 02 03 05 10 15 34 
140 - GER: 17 19 21 IGN: 16 28 45 58 31 35 53 54 57 02 03 05 10 15 34 
141 - GER: 17 19 31 IGN: 16 28 45 58 21 35 53 54 57 02 03 05 10 15 34 
142 - GER: 17 19 35 IGN: 16 28 45 58 21 31 53 54 57 02 03 05 10 15 34 
143 - GER: 17 19 53 IGN: 16 28 45 58 21 31 35 54 57 02 03 05 10 15 34 
144 - GER: 17 19 54 IGN: 16 28 45 58 21 31 35 53 57 02 03 05 10 15 34 
145 - GER: 17 19 57 IGN: 16 28 45 58 21 31 35 53 54 02 03 05 10 15 34 
146 - GER: 17 19 02 IGN: 16 28 45 58 21 31 35 53 54 57 03 05 10 15 34 
147 - GER: 17 19 03 IGN: 16 28 45 58 21 31 35 53 54 57 02 05 10 15 34 
148 - GER: 17 19 05 IGN: 16 28 45 58 21 31 35 53 54 57 02 03 10 15 34 
149 - GER: 17 19 10 IGN: 16 28 45 58 21 31 35 53 54 57 02 03 05 15 34 
150 - GER: 17 19 15 IGN: 16 28 45 58 21 31 35 53 54 57 02 03 05 10 34 
151 - GER: 17 19 34 IGN: 16 28 45 58 21 31 35 53 54 57 02 03 05 10 15 
152 - GER: 17 28 45 IGN: 16 19 58 21 31 35 53 54 57 02 03 05 10 15 34 
153 - GER: 17 28 58 IGN: 16 19 45 21 31 35 53 54 57 02 03 05 10 15 34 
154 - GER: 17 28 21 IGN: 16 19 45 58 31 35 53 54 57 02 03 05 10 15 34 
155 - GER: 17 28 31 IGN: 16 19 45 58 21 35 53 54 57 02 03 05 10 15 34 
156 - GER: 17 28 35 IGN: 16 19 45 58 21 31 53 54 57 02 03 05 10 15 34 
157 - GER: 17 28 53 IGN: 16 19 45 58 21 31 35 54 57 02 03 05 10 15 34 
158 - GER: 17 28 54 IGN: 16 19 45 58 21 31 35 53 57 02 03 05 10 15 34 
159 - GER: 17 28 57 IGN: 16 19 45 58 21 31 35 53 54 02 03 05 10 15 34 
160 - GER: 17 28 02 IGN: 16 19 45 58 21 31 35 53 54 57 03 05 10 15 34 
161 - GER: 17 28 03 IGN: 16 19 45 58 21 31 35 53 54 57 02 05 10 15 34 
162 - GER: 17 28 05 IGN: 16 19 45 58 21 31 35 53 54 57 02 03 10 15 34 
163 - GER: 17 28 10 IGN: 16 19 45 58 21 31 35 53 54 57 02 03 05 15 34 
164 - GER: 17 28 15 IGN: 16 19 45 58 21 31 35 53 54 57 02 03 05 10 34 
165 - GER: 17 28 34 IGN: 16 19 45 58 21 31 35 53 54 57 02 03 05 10 15 
166 - GER: 17 45 58 IGN: 16 19 28 21 31 35 53 54 57 02 03 05 10 15 34 
167 - GER: 17 45 21 IGN: 16 19 28 58 31 35 53 54 57 02 03 05 10 15 34 
168 - GER: 17 45 31 IGN: 16 19 28 58 21 35 53 54 57 02 03 05 10 15 34 
169 - GER: 17 45 35 IGN: 16 19 28 58 21 31 53 54 57 02 03 05 10 15 34 
170 - GER: 17 45 53 IGN: 16 19 28 58 21 31 35 54 57 02 03 05 10 15 34 
171 - GER: 17 45 54 IGN: 16 19 28 58 21 31 35 53 57 02 03 05 10 15 34 
172 - GER: 17 45 57 IGN: 16 19 28 58 21 31 35 53 54 02 03 05 10 15 34 
173 - GER: 17 45 02 IGN: 16 19 28 58 21 31 35 53 54 57 03 05 10 15 34 
174 - GER: 17 45 03 IGN: 16 19 28 58 21 31 35 53 54 57 02 05 10 15 34 
175 - GER: 17 45 05 IGN: 16 19 28 58 21 31 35 53 54 57 02 03 10 15 34 
176 - GER: 17 45 10 IGN: 16 19 28 58 21 31 35 53 54 57 02 03 05 15 34 
177 - GER: 17 45 15 IGN: 16 19 28 58 21 31 35 53 54 57 02 03 05 10 34 
178 - GER: 17 45 34 IGN: 16 19 28 58 21 31 35 53 54 57 02 03 05 10 15 
179 - GER: 17 58 21 IGN: 16 19 28 45 31 35 53 54 57 02 03 05 10 15 34 
180 - GER: 17 58 31 IGN: 16 19 28 45 21 35 53 54 57 02 03 05 10 15 34 
181 - GER: 17 58 35 IGN: 16 19 28 45 21 31 53 54 57 02 03 05 10 15 34 
182 - GER: 17 58 53 IGN: 16 19 28 45 21 31 35 54 57 02 03 05 10 15 34 
183 - GER: 17 58 54 IGN: 16 19 28 45 21 31 35 53 57 02 03 05 10 15 34 
184 - GER: 17 58 57 IGN: 16 19 28 45 21 31 35 53 54 02 03 05 10 15 34 
185 - GER: 17 58 02 IGN: 16 19 28 45 21 31 35 53 54 57 03 05 10 15 34 
186 - GER: 17 58 03 IGN: 16 19 28 45 21 31 35 53 54 57 02 05 10 15 34 
187 - GER: 17 58 05 IGN: 16 19 28 45 21 31 35 53 54 57 02 03 10 15 34 
188 - GER: 17 58 10 IGN: 16 19 28 45 21 31 35 53 54 57 02 03 05 15 34 
189 - GER: 17 58 15 IGN: 16 19 28 45 21 31 35 53 54 57 02 03 05 10 34 
190 - GER: 17 58 34 IGN: 16 19 28 45 21 31 35 53 54 57 02 03 05 10 15 
191 - GER: 17 21 31 IGN: 16 19 28 45 58 35 53 54 57 02 03 05 10 15 34 
192 - GER: 17 21 35 IGN: 16 19 28 45 58 31 53 54 57 02 03 05 10 15 34 
193 - GER: 17 21 53 IGN: 16 19 28 45 58 31 35 54 57 02 03 05 10 15 34 
194 - GER: 17 21 54 IGN: 16 19 28 45 58 31 35 53 57 02 03 05 10 15 34 
195 - GER: 17 21 57 IGN: 16 19 28 45 58 31 35 53 54 02 03 05 10 15 34 
196 - GER: 17 21 02 IGN: 16 19 28 45 58 31 35 53 54 57 03 05 10 15 34 
197 - GER: 17 21 03 IGN: 16 19 28 45 58 31 35 53 54 57 02 05 10 15 34 
198 - GER: 17 21 05 IGN: 16 19 28 45 58 31 35 53 54 57 02 03 10 15 34 
199 - GER: 17 21 10 IGN: 16 19 28 45 58 31 35 53 54 57 02 03 05 15 34 
200 - GER: 17 21 15 IGN: 16 19 28 45 58 31 35 53 54 57 02 03 05 10 34 
201 - GER: 17 21 34 IGN: 16 19 28 45 58 31 35 53 54 57 02 03 05 10 15 
202 - GER: 17 31 35 IGN: 16 19 28 45 58 21 53 54 57 02 03 05 10 15 34 
203 - GER: 17 31 53 IGN: 16 19 28 45 58 21 35 54 57 02 03 05 10 15 34 
204 - GER: 17 31 54 IGN: 16 19 28 45 58 21 35 53 57 02 03 05 10 15 34 
205 - GER: 17 31 57 IGN: 16 19 28 45 58 21 35 53 54 02 03 05 10 15 34 
206 - GER: 17 31 02 IGN: 16 19 28 45 58 21 35 53 54 57 03 05 10 15 34 
207 - GER: 17 31 03 IGN: 16 19 28 45 58 21 35 53 54 57 02 05 10 15 34 
208 - GER: 17 31 05 IGN: 16 19 28 45 58 21 35 53 54 57 02 03 10 15 34 
209 - GER: 17 31 10 IGN: 16 19 28 45 58 21 35 53 54 57 02 03 05 15 34 
210 - GER: 17 31 15 IGN: 16 19 28 45 58 21 35 53 54 57 02 03 05 10 34 
211 - GER: 17 31 34 IGN: 16 19 28 45 58 21 35 53 54 57 02 03 05 10 15 
212 - GER: 17 35 53 IGN: 16 19 28 45 58 21 31 54 57 02 03 05 10 15 34 
213 - GER: 17 35 54 IGN: 16 19 28 45 58 21 31 53 57 02 03 05 10 15 34 
214 - GER: 17 35 57 IGN: 16 19 28 45 58 21 31 53 54 02 03 05 10 15 34 
215 - GER: 17 35 02 IGN: 16 19 28 45 58 21 31 53 54 57 03 05 10 15 34 
216 - GER: 17 35 03 IGN: 16 19 28 45 58 21 31 53 54 57 02 05 10 15 34 
217 - GER: 17 35 05 IGN: 16 19 28 45 58 21 31 53 54 57 02 03 10 15 34 
218 - GER: 17 35 10 IGN: 16 19 28 45 58 21 31 53 54 57 02 03 05 15 34 
219 - GER: 17 35 15 IGN: 16 19 28 45 58 21 31 53 54 57 02 03 05 10 34 
220 - GER: 17 35 34 IGN: 16 19 28 45 58 21 31 53 54 57 02 03 05 10 15 
221 - GER: 17 53 54 IGN: 16 19 28 45 58 21 31 35 57 02 03 05 10 15 34 
222 - GER: 17 53 57 IGN: 16 19 28 45 58 21 31 35 54 02 03 05 10 15 34 
223 - GER: 17 53 02 IGN: 16 19 28 45 58 21 31 35 54 57 03 05 10 15 34 
224 - GER: 17 53 03 IGN: 16 19 28 45 58 21 31 35 54 57 02 05 10 15 34 
225 - GER: 17 53 05 IGN: 16 19 28 45 58 21 31 35 54 57 02 03 10 15 34 
226 - GER: 17 53 10 IGN: 16 19 28 45 58 21 31 35 54 57 02 03 05 15 34 
227 - GER: 17 53 15 IGN: 16 19 28 45 58 21 31 35 54 57 02 03 05 10 34 
228 - GER: 17 53 34 IGN: 16 19 28 45 58 21 31 35 54 57 02 03 05 10 15 
229 - GER: 17 54 57 IGN: 16 19 28 45 58 21 31 35 53 02 03 05 10 15 34 
230 - GER: 17 54 02 IGN: 16 19 28 45 58 21 31 35 53 57 03 05 10 15 34 
231 - GER: 17 54 03 IGN: 16 19 28 45 58 21 31 35 53 57 02 05 10 15 34 
232 - GER: 17 54 05 IGN: 16 19 28 45 58 21 31 35 53 57 02 03 10 15 34 
233 - GER: 17 54 10 IGN: 16 19 28 45 58 21 31 35 53 57 02 03 05 15 34 
234 - GER: 17 54 15 IGN: 16 19 28 45 58 21 31 35 53 57 02 03 05 10 34 
235 - GER: 17 54 34 IGN: 16 19 28 45 58 21 31 35 53 57 02 03 05 10 15 
236 - GER: 17 57 02 IGN: 16 19 28 45 58 21 31 35 53 54 03 05 10 15 34 
237 - GER: 17 57 03 IGN: 16 19 28 45 58 21 31 35 53 54 02 05 10 15 34 
238 - GER: 17 57 05 IGN: 16 19 28 45 58 21 31 35 53 54 02 03 10 15 34 
239 - GER: 17 57 10 IGN: 16 19 28 45 58 21 31 35 53 54 02 03 05 15 34 
240 - GER: 17 57 15 IGN: 16 19 28 45 58 21 31 35 53 54 02 03 05 10 34 
241 - GER: 17 57 34 IGN: 16 19 28 45 58 21 31 35 53 54 02 03 05 10 15 
242 - GER: 17 02 03 IGN: 16 19 28 45 58 21 31 35 53 54 57 05 10 15 34 
243 - GER: 17 02 05 IGN: 16 19 28 45 58 21 31 35 53 54 57 03 10 15 34 
244 - GER: 17 02 10 IGN: 16 19 28 45 58 21 31 35 53 54 57 03 05 15 34 
245 - GER: 17 02 15 IGN: 16 19 28 45 58 21 31 35 53 54 57 03 05 10 34 
246 - GER: 17 02 34 IGN: 16 19 28 45 58 21 31 35 53 54 57 03 05 10 15 
247 - GER: 17 03 05 IGN: 16 19 28 45 58 21 31 35 53 54 57 02 10 15 34 
248 - GER: 17 03 10 IGN: 16 19 28 45 58 21 31 35 53 54 57 02 05 15 34 
249 - GER: 17 03 15 IGN: 16 19 28 45 58 21 31 35 53 54 57 02 05 10 34 
250 - GER: 17 03 34 IGN: 16 19 28 45 58 21 31 35 53 54 57 02 05 10 15 
251 - GER: 17 05 10 IGN: 16 19 28 45 58 21 31 35 53 54 57 02 03 15 34 
252 - GER: 17 05 15 IGN: 16 19 28 45 58 21 31 35 53 54 57 02 03 10 34 
253 - GER: 17 05 34 IGN: 16 19 28 45 58 21 31 35 53 54 57 02 03 10 15 
254 - GER: 17 10 15 IGN: 16 19 28 45 58 21 31 35 53 54 57 02 03 05 34 
255 - GER: 17 10 34 IGN: 16 19 28 45 58 21 31 35 53 54 57 02 03 05 15 
256 - GER: 17 15 34 IGN: 16 19 28 45 58 21 31 35 53 54 57 02 03 05 10 
257 - GER: 19 28 45 IGN: 16 17 58 21 31 35 53 54 57 02 03 05 10 15 34 
258 - GER: 19 28 58 IGN: 16 17 45 21 31 35 53 54 57 02 03 05 10 15 34 
259 - GER: 19 28 21 IGN: 16 17 45 58 31 35 53 54 57 02 03 05 10 15 34 
260 - GER: 19 28 31 IGN: 16 17 45 58 21 35 53 54 57 02 03 05 10 15 34 
261 - GER: 19 28 35 IGN: 16 17 45 58 21 31 53 54 57 02 03 05 10 15 34 
262 - GER: 19 28 53 IGN: 16 17 45 58 21 31 35 54 57 02 03 05 10 15 34 
263 - GER: 19 28 54 IGN: 16 17 45 58 21 31 35 53 57 02 03 05 10 15 34 
264 - GER: 19 28 57 IGN: 16 17 45 58 21 31 35 53 54 02 03 05 10 15 34 
265 - GER: 19 28 02 IGN: 16 17 45 58 21 31 35 53 54 57 03 05 10 15 34 
266 - GER: 19 28 03 IGN: 16 17 45 58 21 31 35 53 54 57 02 05 10 15 34 
267 - GER: 19 28 05 IGN: 16 17 45 58 21 31 35 53 54 57 02 03 10 15 34 
268 - GER: 19 28 10 IGN: 16 17 45 58 21 31 35 53 54 57 02 03 05 15 34 
269 - GER: 19 28 15 IGN: 16 17 45 58 21 31 35 53 54 57 02 03 05 10 34 
270 - GER: 19 28 34 IGN: 16 17 45 58 21 31 35 53 54 57 02 03 05 10 15 
271 - GER: 19 45 58 IGN: 16 17 28 21 31 35 53 54 57 02 03 05 10 15 34 
272 - GER: 19 45 21 IGN: 16 17 28 58 31 35 53 54 57 02 03 05 10 15 34 
273 - GER: 19 45 31 IGN: 16 17 28 58 21 35 53 54 57 02 03 05 10 15 34 
274 - GER: 19 45 35 IGN: 16 17 28 58 21 31 53 54 57 02 03 05 10 15 34 
275 - GER: 19 45 53 IGN: 16 17 28 58 21 31 35 54 57 02 03 05 10 15 34 
276 - GER: 19 45 54 IGN: 16 17 28 58 21 31 35 53 57 02 03 05 10 15 34 
277 - GER: 19 45 57 IGN: 16 17 28 58 21 31 35 53 54 02 03 05 10 15 34 
278 - GER: 19 45 02 IGN: 16 17 28 58 21 31 35 53 54 57 03 05 10 15 34 
279 - GER: 19 45 03 IGN: 16 17 28 58 21 31 35 53 54 57 02 05 10 15 34 
280 - GER: 19 45 05 IGN: 16 17 28 58 21 31 35 53 54 57 02 03 10 15 34 
281 - GER: 19 45 10 IGN: 16 17 28 58 21 31 35 53 54 57 02 03 05 15 34 
282 - GER: 19 45 15 IGN: 16 17 28 58 21 31 35 53 54 57 02 03 05 10 34 
283 - GER: 19 45 34 IGN: 16 17 28 58 21 31 35 53 54 57 02 03 05 10 15 
284 - GER: 19 58 21 IGN: 16 17 28 45 31 35 53 54 57 02 03 05 10 15 34 
285 - GER: 19 58 31 IGN: 16 17 28 45 21 35 53 54 57 02 03 05 10 15 34 
286 - GER: 19 58 35 IGN: 16 17 28 45 21 31 53 54 57 02 03 05 10 15 34 
287 - GER: 19 58 53 IGN: 16 17 28 45 21 31 35 54 57 02 03 05 10 15 34 
288 - GER: 19 58 54 IGN: 16 17 28 45 21 31 35 53 57 02 03 05 10 15 34 
289 - GER: 19 58 57 IGN: 16 17 28 45 21 31 35 53 54 02 03 05 10 15 34 
290 - GER: 19 58 02 IGN: 16 17 28 45 21 31 35 53 54 57 03 05 10 15 34 
291 - GER: 19 58 03 IGN: 16 17 28 45 21 31 35 53 54 57 02 05 10 15 34 
292 - GER: 19 58 05 IGN: 16 17 28 45 21 31 35 53 54 57 02 03 10 15 34 
293 - GER: 19 58 10 IGN: 16 17 28 45 21 31 35 53 54 57 02 03 05 15 34 
294 - GER: 19 58 15 IGN: 16 17 28 45 21 31 35 53 54 57 02 03 05 10 34 
295 - GER: 19 58 34 IGN: 16 17 28 45 21 31 35 53 54 57 02 03 05 10 15 
296 - GER: 19 21 31 IGN: 16 17 28 45 58 35 53 54 57 02 03 05 10 15 34 
297 - GER: 19 21 35 IGN: 16 17 28 45 58 31 53 54 57 02 03 05 10 15 34 
298 - GER: 19 21 53 IGN: 16 17 28 45 58 31 35 54 57 02 03 05 10 15 34 
299 - GER: 19 21 54 IGN: 16 17 28 45 58 31 35 53 57 02 03 05 10 15 34 
300 - GER: 19 21 57 IGN: 16 17 28 45 58 31 35 53 54 02 03 05 10 15 34 
301 - GER: 19 21 02 IGN: 16 17 28 45 58 31 35 53 54 57 03 05 10 15 34 
302 - GER: 19 21 03 IGN: 16 17 28 45 58 31 35 53 54 57 02 05 10 15 34 
303 - GER: 19 21 05 IGN: 16 17 28 45 58 31 35 53 54 57 02 03 10 15 34 
304 - GER: 19 21 10 IGN: 16 17 28 45 58 31 35 53 54 57 02 03 05 15 34 
305 - GER: 19 21 15 IGN: 16 17 28 45 58 31 35 53 54 57 02 03 05 10 34 
306 - GER: 19 21 34 IGN: 16 17 28 45 58 31 35 53 54 57 02 03 05 10 15 
307 - GER: 19 31 35 IGN: 16 17 28 45 58 21 53 54 57 02 03 05 10 15 34 
308 - GER: 19 31 53 IGN: 16 17 28 45 58 21 35 54 57 02 03 05 10 15 34 
309 - GER: 19 31 54 IGN: 16 17 28 45 58 21 35 53 57 02 03 05 10 15 34 
310 - GER: 19 31 57 IGN: 16 17 28 45 58 21 35 53 54 02 03 05 10 15 34 
311 - GER: 19 31 02 IGN: 16 17 28 45 58 21 35 53 54 57 03 05 10 15 34 
312 - GER: 19 31 03 IGN: 16 17 28 45 58 21 35 53 54 57 02 05 10 15 34 
313 - GER: 19 31 05 IGN: 16 17 28 45 58 21 35 53 54 57 02 03 10 15 34 
314 - GER: 19 31 10 IGN: 16 17 28 45 58 21 35 53 54 57 02 03 05 15 34 
315 - GER: 19 31 15 IGN: 16 17 28 45 58 21 35 53 54 57 02 03 05 10 34 
316 - GER: 19 31 34 IGN: 16 17 28 45 58 21 35 53 54 57 02 03 05 10 15 
317 - GER: 19 35 53 IGN: 16 17 28 45 58 21 31 54 57 02 03 05 10 15 34 
318 - GER: 19 35 54 IGN: 16 17 28 45 58 21 31 53 57 02 03 05 10 15 34 
319 - GER: 19 35 57 IGN: 16 17 28 45 58 21 31 53 54 02 03 05 10 15 34 
320 - GER: 19 35 02 IGN: 16 17 28 45 58 21 31 53 54 57 03 05 10 15 34 
321 - GER: 19 35 03 IGN: 16 17 28 45 58 21 31 53 54 57 02 05 10 15 34 
322 - GER: 19 35 05 IGN: 16 17 28 45 58 21 31 53 54 57 02 03 10 15 34 
323 - GER: 19 35 10 IGN: 16 17 28 45 58 21 31 53 54 57 02 03 05 15 34 
324 - GER: 19 35 15 IGN: 16 17 28 45 58 21 31 53 54 57 02 03 05 10 34 
325 - GER: 19 35 34 IGN: 16 17 28 45 58 21 31 53 54 57 02 03 05 10 15 
326 - GER: 19 53 54 IGN: 16 17 28 45 58 21 31 35 57 02 03 05 10 15 34 
327 - GER: 19 53 57 IGN: 16 17 28 45 58 21 31 35 54 02 03 05 10 15 34 
328 - GER: 19 53 02 IGN: 16 17 28 45 58 21 31 35 54 57 03 05 10 15 34 
329 - GER: 19 53 03 IGN: 16 17 28 45 58 21 31 35 54 57 02 05 10 15 34 
330 - GER: 19 53 05 IGN: 16 17 28 45 58 21 31 35 54 57 02 03 10 15 34 
331 - GER: 19 53 10 IGN: 16 17 28 45 58 21 31 35 54 57 02 03 05 15 34 
332 - GER: 19 53 15 IGN: 16 17 28 45 58 21 31 35 54 57 02 03 05 10 34 
333 - GER: 19 53 34 IGN: 16 17 28 45 58 21 31 35 54 57 02 03 05 10 15 
334 - GER: 19 54 57 IGN: 16 17 28 45 58 21 31 35 53 02 03 05 10 15 34 
335 - GER: 19 54 02 IGN: 16 17 28 45 58 21 31 35 53 57 03 05 10 15 34 
336 - GER: 19 54 03 IGN: 16 17 28 45 58 21 31 35 53 57 02 05 10 15 34 
337 - GER: 19 54 05 IGN: 16 17 28 45 58 21 31 35 53 57 02 03 10 15 34 
338 - GER: 19 54 10 IGN: 16 17 28 45 58 21 31 35 53 57 02 03 05 15 34 
339 - GER: 19 54 15 IGN: 16 17 28 45 58 21 31 35 53 57 02 03 05 10 34 
340 - GER: 19 54 34 IGN: 16 17 28 45 58 21 31 35 53 57 02 03 05 10 15 
341 - GER: 19 57 02 IGN: 16 17 28 45 58 21 31 35 53 54 03 05 10 15 34 
342 - GER: 19 57 03 IGN: 16 17 28 45 58 21 31 35 53 54 02 05 10 15 34 
343 - GER: 19 57 05 IGN: 16 17 28 45 58 21 31 35 53 54 02 03 10 15 34 
344 - GER: 19 57 10 IGN: 16 17 28 45 58 21 31 35 53 54 02 03 05 15 34 
345 - GER: 19 57 15 IGN: 16 17 28 45 58 21 31 35 53 54 02 03 05 10 34 
346 - GER: 19 57 34 IGN: 16 17 28 45 58 21 31 35 53 54 02 03 05 10 15 
347 - GER: 19 02 03 IGN: 16 17 28 45 58 21 31 35 53 54 57 05 10 15 34 
348 - GER: 19 02 05 IGN: 16 17 28 45 58 21 31 35 53 54 57 03 10 15 34 
349 - GER: 19 02 10 IGN: 16 17 28 45 58 21 31 35 53 54 57 03 05 15 34 
350 - GER: 19 02 15 IGN: 16 17 28 45 58 21 31 35 53 54 57 03 05 10 34 
351 - GER: 19 02 34 IGN: 16 17 28 45 58 21 31 35 53 54 57 03 05 10 15 
352 - GER: 19 03 05 IGN: 16 17 28 45 58 21 31 35 53 54 57 02 10 15 34 
353 - GER: 19 03 10 IGN: 16 17 28 45 58 21 31 35 53 54 57 02 05 15 34 
354 - GER: 19 03 15 IGN: 16 17 28 45 58 21 31 35 53 54 57 02 05 10 34 
355 - GER: 19 03 34 IGN: 16 17 28 45 58 21 31 35 53 54 57 02 05 10 15 
356 - GER: 19 05 10 IGN: 16 17 28 45 58 21 31 35 53 54 57 02 03 15 34 
357 - GER: 19 05 15 IGN: 16 17 28 45 58 21 31 35 53 54 57 02 03 10 34 
358 - GER: 19 05 34 IGN: 16 17 28 45 58 21 31 35 53 54 57 02 03 10 15 
359 - GER: 19 10 15 IGN: 16 17 28 45 58 21 31 35 53 54 57 02 03 05 34 
360 - GER: 19 10 34 IGN: 16 17 28 45 58 21 31 35 53 54 57 02 03 05 15 
361 - GER: 19 15 34 IGN: 16 17 28 45 58 21 31 35 53 54 57 02 03 05 10 
362 - GER: 28 45 58 IGN: 16 17 19 21 31 35 53 54 57 02 03 05 10 15 34 
363 - GER: 28 45 21 IGN: 16 17 19 58 31 35 53 54 57 02 03 05 10 15 34 
364 - GER: 28 45 31 IGN: 16 17 19 58 21 35 53 54 57 02 03 05 10 15 34 
365 - GER: 28 45 35 IGN: 16 17 19 58 21 31 53 54 57 02 03 05 10 15 34 
366 - GER: 28 45 53 IGN: 16 17 19 58 21 31 35 54 57 02 03 05 10 15 34 
367 - GER: 28 45 54 IGN: 16 17 19 58 21 31 35 53 57 02 03 05 10 15 34 
368 - GER: 28 45 57 IGN: 16 17 19 58 21 31 35 53 54 02 03 05 10 15 34 
369 - GER: 28 45 02 IGN: 16 17 19 58 21 31 35 53 54 57 03 05 10 15 34 
370 - GER: 28 45 03 IGN: 16 17 19 58 21 31 35 53 54 57 02 05 10 15 34 
371 - GER: 28 45 05 IGN: 16 17 19 58 21 31 35 53 54 57 02 03 10 15 34 
372 - GER: 28 45 10 IGN: 16 17 19 58 21 31 35 53 54 57 02 03 05 15 34 
373 - GER: 28 45 15 IGN: 16 17 19 58 21 31 35 53 54 57 02 03 05 10 34 
374 - GER: 28 45 34 IGN: 16 17 19 58 21 31 35 53 54 57 02 03 05 10 15 
375 - GER: 28 58 21 IGN: 16 17 19 45 31 35 53 54 57 02 03 05 10 15 34 
376 - GER: 28 58 31 IGN: 16 17 19 45 21 35 53 54 57 02 03 05 10 15 34 
377 - GER: 28 58 35 IGN: 16 17 19 45 21 31 53 54 57 02 03 05 10 15 34 
378 - GER: 28 58 53 IGN: 16 17 19 45 21 31 35 54 57 02 03 05 10 15 34 
379 - GER: 28 58 54 IGN: 16 17 19 45 21 31 35 53 57 02 03 05 10 15 34 
380 - GER: 28 58 57 IGN: 16 17 19 45 21 31 35 53 54 02 03 05 10 15 34 
381 - GER: 28 58 02 IGN: 16 17 19 45 21 31 35 53 54 57 03 05 10 15 34 
382 - GER: 28 58 03 IGN: 16 17 19 45 21 31 35 53 54 57 02 05 10 15 34 
383 - GER: 28 58 05 IGN: 16 17 19 45 21 31 35 53 54 57 02 03 10 15 34 
384 - GER: 28 58 10 IGN: 16 17 19 45 21 31 35 53 54 57 02 03 05 15 34 
385 - GER: 28 58 15 IGN: 16 17 19 45 21 31 35 53 54 57 02 03 05 10 34 
386 - GER: 28 58 34 IGN: 16 17 19 45 21 31 35 53 54 57 02 03 05 10 15 
387 - GER: 28 21 31 IGN: 16 17 19 45 58 35 53 54 57 02 03 05 10 15 34 
388 - GER: 28 21 35 IGN: 16 17 19 45 58 31 53 54 57 02 03 05 10 15 34 
389 - GER: 28 21 53 IGN: 16 17 19 45 58 31 35 54 57 02 03 05 10 15 34 
390 - GER: 28 21 54 IGN: 16 17 19 45 58 31 35 53 57 02 03 05 10 15 34 
391 - GER: 28 21 57 IGN: 16 17 19 45 58 31 35 53 54 02 03 05 10 15 34 
392 - GER: 28 21 02 IGN: 16 17 19 45 58 31 35 53 54 57 03 05 10 15 34 
393 - GER: 28 21 03 IGN: 16 17 19 45 58 31 35 53 54 57 02 05 10 15 34 
394 - GER: 28 21 05 IGN: 16 17 19 45 58 31 35 53 54 57 02 03 10 15 34 
395 - GER: 28 21 10 IGN: 16 17 19 45 58 31 35 53 54 57 02 03 05 15 34 
396 - GER: 28 21 15 IGN: 16 17 19 45 58 31 35 53 54 57 02 03 05 10 34 
397 - GER: 28 21 34 IGN: 16 17 19 45 58 31 35 53 54 57 02 03 05 10 15 
398 - GER: 28 31 35 IGN: 16 17 19 45 58 21 53 54 57 02 03 05 10 15 34 
399 - GER: 28 31 53 IGN: 16 17 19 45 58 21 35 54 57 02 03 05 10 15 34 
400 - GER: 28 31 54 IGN: 16 17 19 45 58 21 35 53 57 02 03 05 10 15 34 
401 - GER: 28 31 57 IGN: 16 17 19 45 58 21 35 53 54 02 03 05 10 15 34 
402 - GER: 28 31 02 IGN: 16 17 19 45 58 21 35 53 54 57 03 05 10 15 34 
403 - GER: 28 31 03 IGN: 16 17 19 45 58 21 35 53 54 57 02 05 10 15 34 
404 - GER: 28 31 05 IGN: 16 17 19 45 58 21 35 53 54 57 02 03 10 15 34 
405 - GER: 28 31 10 IGN: 16 17 19 45 58 21 35 53 54 57 02 03 05 15 34 
406 - GER: 28 31 15 IGN: 16 17 19 45 58 21 35 53 54 57 02 03 05 10 34 
407 - GER: 28 31 34 IGN: 16 17 19 45 58 21 35 53 54 57 02 03 05 10 15 
408 - GER: 28 35 53 IGN: 16 17 19 45 58 21 31 54 57 02 03 05 10 15 34 
409 - GER: 28 35 54 IGN: 16 17 19 45 58 21 31 53 57 02 03 05 10 15 34 
410 - GER: 28 35 57 IGN: 16 17 19 45 58 21 31 53 54 02 03 05 10 15 34 
411 - GER: 28 35 02 IGN: 16 17 19 45 58 21 31 53 54 57 03 05 10 15 34 
412 - GER: 28 35 03 IGN: 16 17 19 45 58 21 31 53 54 57 02 05 10 15 34 
413 - GER: 28 35 05 IGN: 16 17 19 45 58 21 31 53 54 57 02 03 10 15 34 
414 - GER: 28 35 10 IGN: 16 17 19 45 58 21 31 53 54 57 02 03 05 15 34 
415 - GER: 28 35 15 IGN: 16 17 19 45 58 21 31 53 54 57 02 03 05 10 34 
416 - GER: 28 35 34 IGN: 16 17 19 45 58 21 31 53 54 57 02 03 05 10 15 
417 - GER: 28 53 54 IGN: 16 17 19 45 58 21 31 35 57 02 03 05 10 15 34 
418 - GER: 28 53 57 IGN: 16 17 19 45 58 21 31 35 54 02 03 05 10 15 34 
419 - GER: 28 53 02 IGN: 16 17 19 45 58 21 31 35 54 57 03 05 10 15 34 
420 - GER: 28 53 03 IGN: 16 17 19 45 58 21 31 35 54 57 02 05 10 15 34 
421 - GER: 28 53 05 IGN: 16 17 19 45 58 21 31 35 54 57 02 03 10 15 34 
422 - GER: 28 53 10 IGN: 16 17 19 45 58 21 31 35 54 57 02 03 05 15 34 
423 - GER: 28 53 15 IGN: 16 17 19 45 58 21 31 35 54 57 02 03 05 10 34 
424 - GER: 28 53 34 IGN: 16 17 19 45 58 21 31 35 54 57 02 03 05 10 15 
425 - GER: 28 54 57 IGN: 16 17 19 45 58 21 31 35 53 02 03 05 10 15 34 
426 - GER: 28 54 02 IGN: 16 17 19 45 58 21 31 35 53 57 03 05 10 15 34 
427 - GER: 28 54 03 IGN: 16 17 19 45 58 21 31 35 53 57 02 05 10 15 34 
428 - GER: 28 54 05 IGN: 16 17 19 45 58 21 31 35 53 57 02 03 10 15 34 
429 - GER: 28 54 10 IGN: 16 17 19 45 58 21 31 35 53 57 02 03 05 15 34 
430 - GER: 28 54 15 IGN: 16 17 19 45 58 21 31 35 53 57 02 03 05 10 34 
431 - GER: 28 54 34 IGN: 16 17 19 45 58 21 31 35 53 57 02 03 05 10 15 
432 - GER: 28 57 02 IGN: 16 17 19 45 58 21 31 35 53 54 03 05 10 15 34 
433 - GER: 28 57 03 IGN: 16 17 19 45 58 21 31 35 53 54 02 05 10 15 34 
434 - GER: 28 57 05 IGN: 16 17 19 45 58 21 31 35 53 54 02 03 10 15 34 
435 - GER: 28 57 10 IGN: 16 17 19 45 58 21 31 35 53 54 02 03 05 15 34 
436 - GER: 28 57 15 IGN: 16 17 19 45 58 21 31 35 53 54 02 03 05 10 34 
437 - GER: 28 57 34 IGN: 16 17 19 45 58 21 31 35 53 54 02 03 05 10 15 
438 - GER: 28 02 03 IGN: 16 17 19 45 58 21 31 35 53 54 57 05 10 15 34 
439 - GER: 28 02 05 IGN: 16 17 19 45 58 21 31 35 53 54 57 03 10 15 34 
440 - GER: 28 02 10 IGN: 16 17 19 45 58 21 31 35 53 54 57 03 05 15 34 
441 - GER: 28 02 15 IGN: 16 17 19 45 58 21 31 35 53 54 57 03 05 10 34 
442 - GER: 28 02 34 IGN: 16 17 19 45 58 21 31 35 53 54 57 03 05 10 15 
443 - GER: 28 03 05 IGN: 16 17 19 45 58 21 31 35 53 54 57 02 10 15 34 
444 - GER: 28 03 10 IGN: 16 17 19 45 58 21 31 35 53 54 57 02 05 15 34 
445 - GER: 28 03 15 IGN: 16 17 19 45 58 21 31 35 53 54 57 02 05 10 34 
446 - GER: 28 03 34 IGN: 16 17 19 45 58 21 31 35 53 54 57 02 05 10 15 
447 - GER: 28 05 10 IGN: 16 17 19 45 58 21 31 35 53 54 57 02 03 15 34 
448 - GER: 28 05 15 IGN: 16 17 19 45 58 21 31 35 53 54 57 02 03 10 34 
449 - GER: 28 05 34 IGN: 16 17 19 45 58 21 31 35 53 54 57 02 03 10 15 
450 - GER: 28 10 15 IGN: 16 17 19 45 58 21 31 35 53 54 57 02 03 05 34 
451 - GER: 28 10 34 IGN: 16 17 19 45 58 21 31 35 53 54 57 02 03 05 15 
452 - GER: 28 15 34 IGN: 16 17 19 45 58 21 31 35 53 54 57 02 03 05 10 
453 - GER: 45 58 21 IGN: 16 17 19 28 31 35 53 54 57 02 03 05 10 15 34 
454 - GER: 45 58 31 IGN: 16 17 19 28 21 35 53 54 57 02 03 05 10 15 34 
455 - GER: 45 58 35 IGN: 16 17 19 28 21 31 53 54 57 02 03 05 10 15 34 
456 - GER: 45 58 53 IGN: 16 17 19 28 21 31 35 54 57 02 03 05 10 15 34 
457 - GER: 45 58 54 IGN: 16 17 19 28 21 31 35 53 57 02 03 05 10 15 34 
458 - GER: 45 58 57 IGN: 16 17 19 28 21 31 35 53 54 02 03 05 10 15 34 
459 - GER: 45 58 02 IGN: 16 17 19 28 21 31 35 53 54 57 03 05 10 15 34 
460 - GER: 45 58 03 IGN: 16 17 19 28 21 31 35 53 54 57 02 05 10 15 34 
461 - GER: 45 58 05 IGN: 16 17 19 28 21 31 35 53 54 57 02 03 10 15 34 
462 - GER: 45 58 10 IGN: 16 17 19 28 21 31 35 53 54 57 02 03 05 15 34 
463 - GER: 45 58 15 IGN: 16 17 19 28 21 31 35 53 54 57 02 03 05 10 34 
464 - GER: 45 58 34 IGN: 16 17 19 28 21 31 35 53 54 57 02 03 05 10 15 
465 - GER: 45 21 31 IGN: 16 17 19 28 58 35 53 54 57 02 03 05 10 15 34 
466 - GER: 45 21 35 IGN: 16 17 19 28 58 31 53 54 57 02 03 05 10 15 34 
467 - GER: 45 21 53 IGN: 16 17 19 28 58 31 35 54 57 02 03 05 10 15 34 
468 - GER: 45 21 54 IGN: 16 17 19 28 58 31 35 53 57 02 03 05 10 15 34 
469 - GER: 45 21 57 IGN: 16 17 19 28 58 31 35 53 54 02 03 05 10 15 34 
470 - GER: 45 21 02 IGN: 16 17 19 28 58 31 35 53 54 57 03 05 10 15 34 
471 - GER: 45 21 03 IGN: 16 17 19 28 58 31 35 53 54 57 02 05 10 15 34 
472 - GER: 45 21 05 IGN: 16 17 19 28 58 31 35 53 54 57 02 03 10 15 34 
473 - GER: 45 21 10 IGN: 16 17 19 28 58 31 35 53 54 57 02 03 05 15 34 
474 - GER: 45 21 15 IGN: 16 17 19 28 58 31 35 53 54 57 02 03 05 10 34 
475 - GER: 45 21 34 IGN: 16 17 19 28 58 31 35 53 54 57 02 03 05 10 15 
476 - GER: 45 31 35 IGN: 16 17 19 28 58 21 53 54 57 02 03 05 10 15 34 
477 - GER: 45 31 53 IGN: 16 17 19 28 58 21 35 54 57 02 03 05 10 15 34 
478 - GER: 45 31 54 IGN: 16 17 19 28 58 21 35 53 57 02 03 05 10 15 34 
479 - GER: 45 31 57 IGN: 16 17 19 28 58 21 35 53 54 02 03 05 10 15 34 
480 - GER: 45 31 02 IGN: 16 17 19 28 58 21 35 53 54 57 03 05 10 15 34 
481 - GER: 45 31 03 IGN: 16 17 19 28 58 21 35 53 54 57 02 05 10 15 34 
482 - GER: 45 31 05 IGN: 16 17 19 28 58 21 35 53 54 57 02 03 10 15 34 
483 - GER: 45 31 10 IGN: 16 17 19 28 58 21 35 53 54 57 02 03 05 15 34 
484 - GER: 45 31 15 IGN: 16 17 19 28 58 21 35 53 54 57 02 03 05 10 34 
485 - GER: 45 31 34 IGN: 16 17 19 28 58 21 35 53 54 57 02 03 05 10 15 
486 - GER: 45 35 53 IGN: 16 17 19 28 58 21 31 54 57 02 03 05 10 15 34 
487 - GER: 45 35 54 IGN: 16 17 19 28 58 21 31 53 57 02 03 05 10 15 34 
488 - GER: 45 35 57 IGN: 16 17 19 28 58 21 31 53 54 02 03 05 10 15 34 
489 - GER: 45 35 02 IGN: 16 17 19 28 58 21 31 53 54 57 03 05 10 15 34 
490 - GER: 45 35 03 IGN: 16 17 19 28 58 21 31 53 54 57 02 05 10 15 34 
491 - GER: 45 35 05 IGN: 16 17 19 28 58 21 31 53 54 57 02 03 10 15 34 
492 - GER: 45 35 10 IGN: 16 17 19 28 58 21 31 53 54 57 02 03 05 15 34 
493 - GER: 45 35 15 IGN: 16 17 19 28 58 21 31 53 54 57 02 03 05 10 34 
494 - GER: 45 35 34 IGN: 16 17 19 28 58 21 31 53 54 57 02 03 05 10 15 
495 - GER: 45 53 54 IGN: 16 17 19 28 58 21 31 35 57 02 03 05 10 15 34 
496 - GER: 45 53 57 IGN: 16 17 19 28 58 21 31 35 54 02 03 05 10 15 34 
497 - GER: 45 53 02 IGN: 16 17 19 28 58 21 31 35 54 57 03 05 10 15 34 
498 - GER: 45 53 03 IGN: 16 17 19 28 58 21 31 35 54 57 02 05 10 15 34 
499 - GER: 45 53 05 IGN: 16 17 19 28 58 21 31 35 54 57 02 03 10 15 34 
500 - GER: 45 53 10 IGN: 16 17 19 28 58 21 31 35 54 57 02 03 05 15 34 
501 - GER: 45 53 15 IGN: 16 17 19 28 58 21 31 35 54 57 02 03 05 10 34 
502 - GER: 45 53 34 IGN: 16 17 19 28 58 21 31 35 54 57 02 03 05 10 15 
503 - GER: 45 54 57 IGN: 16 17 19 28 58 21 31 35 53 02 03 05 10 15 34 
504 - GER: 45 54 02 IGN: 16 17 19 28 58 21 31 35 53 57 03 05 10 15 34 
505 - GER: 45 54 03 IGN: 16 17 19 28 58 21 31 35 53 57 02 05 10 15 34 
506 - GER: 45 54 05 IGN: 16 17 19 28 58 21 31 35 53 57 02 03 10 15 34 
507 - GER: 45 54 10 IGN: 16 17 19 28 58 21 31 35 53 57 02 03 05 15 34 
508 - GER: 45 54 15 IGN: 16 17 19 28 58 21 31 35 53 57 02 03 05 10 34 
509 - GER: 45 54 34 IGN: 16 17 19 28 58 21 31 35 53 57 02 03 05 10 15 
510 - GER: 45 57 02 IGN: 16 17 19 28 58 21 31 35 53 54 03 05 10 15 34 
511 - GER: 45 57 03 IGN: 16 17 19 28 58 21 31 35 53 54 02 05 10 15 34 
512 - GER: 45 57 05 IGN: 16 17 19 28 58 21 31 35 53 54 02 03 10 15 34 
513 - GER: 45 57 10 IGN: 16 17 19 28 58 21 31 35 53 54 02 03 05 15 34 
514 - GER: 45 57 15 IGN: 16 17 19 28 58 21 31 35 53 54 02 03 05 10 34 
515 - GER: 45 57 34 IGN: 16 17 19 28 58 21 31 35 53 54 02 03 05 10 15 
516 - GER: 45 02 03 IGN: 16 17 19 28 58 21 31 35 53 54 57 05 10 15 34 
517 - GER: 45 02 05 IGN: 16 17 19 28 58 21 31 35 53 54 57 03 10 15 34 
518 - GER: 45 02 10 IGN: 16 17 19 28 58 21 31 35 53 54 57 03 05 15 34 
519 - GER: 45 02 15 IGN: 16 17 19 28 58 21 31 35 53 54 57 03 05 10 34 
520 - GER: 45 02 34 IGN: 16 17 19 28 58 21 31 35 53 54 57 03 05 10 15 
521 - GER: 45 03 05 IGN: 16 17 19 28 58 21 31 35 53 54 57 02 10 15 34 
522 - GER: 45 03 10 IGN: 16 17 19 28 58 21 31 35 53 54 57 02 05 15 34 
523 - GER: 45 03 15 IGN: 16 17 19 28 58 21 31 35 53 54 57 02 05 10 34 
524 - GER: 45 03 34 IGN: 16 17 19 28 58 21 31 35 53 54 57 02 05 10 15 
525 - GER: 45 05 10 IGN: 16 17 19 28 58 21 31 35 53 54 57 02 03 15 34 
526 - GER: 45 05 15 IGN: 16 17 19 28 58 21 31 35 53 54 57 02 03 10 34 
527 - GER: 45 05 34 IGN: 16 17 19 28 58 21 31 35 53 54 57 02 03 10 15 
528 - GER: 45 10 15 IGN: 16 17 19 28 58 21 31 35 53 54 57 02 03 05 34 
529 - GER: 45 10 34 IGN: 16 17 19 28 58 21 31 35 53 54 57 02 03 05 15 
530 - GER: 45 15 34 IGN: 16 17 19 28 58 21 31 35 53 54 57 02 03 05 10 
531 - GER: 58 21 31 IGN: 16 17 19 28 45 35 53 54 57 02 03 05 10 15 34 
532 - GER: 58 21 35 IGN: 16 17 19 28 45 31 53 54 57 02 03 05 10 15 34 
533 - GER: 58 21 53 IGN: 16 17 19 28 45 31 35 54 57 02 03 05 10 15 34 
534 - GER: 58 21 54 IGN: 16 17 19 28 45 31 35 53 57 02 03 05 10 15 34 
535 - GER: 58 21 57 IGN: 16 17 19 28 45 31 35 53 54 02 03 05 10 15 34 
536 - GER: 58 21 02 IGN: 16 17 19 28 45 31 35 53 54 57 03 05 10 15 34 
537 - GER: 58 21 03 IGN: 16 17 19 28 45 31 35 53 54 57 02 05 10 15 34 
538 - GER: 58 21 05 IGN: 16 17 19 28 45 31 35 53 54 57 02 03 10 15 34 
539 - GER: 58 21 10 IGN: 16 17 19 28 45 31 35 53 54 57 02 03 05 15 34 
540 - GER: 58 21 15 IGN: 16 17 19 28 45 31 35 53 54 57 02 03 05 10 34 
541 - GER: 58 21 34 IGN: 16 17 19 28 45 31 35 53 54 57 02 03 05 10 15 
542 - GER: 58 31 35 IGN: 16 17 19 28 45 21 53 54 57 02 03 05 10 15 34 
543 - GER: 58 31 53 IGN: 16 17 19 28 45 21 35 54 57 02 03 05 10 15 34 
544 - GER: 58 31 54 IGN: 16 17 19 28 45 21 35 53 57 02 03 05 10 15 34 
545 - GER: 58 31 57 IGN: 16 17 19 28 45 21 35 53 54 02 03 05 10 15 34 
546 - GER: 58 31 02 IGN: 16 17 19 28 45 21 35 53 54 57 03 05 10 15 34 
547 - GER: 58 31 03 IGN: 16 17 19 28 45 21 35 53 54 57 02 05 10 15 34 
548 - GER: 58 31 05 IGN: 16 17 19 28 45 21 35 53 54 57 02 03 10 15 34 
549 - GER: 58 31 10 IGN: 16 17 19 28 45 21 35 53 54 57 02 03 05 15 34 
550 - GER: 58 31 15 IGN: 16 17 19 28 45 21 35 53 54 57 02 03 05 10 34 
551 - GER: 58 31 34 IGN: 16 17 19 28 45 21 35 53 54 57 02 03 05 10 15 
552 - GER: 58 35 53 IGN: 16 17 19 28 45 21 31 54 57 02 03 05 10 15 34 
553 - GER: 58 35 54 IGN: 16 17 19 28 45 21 31 53 57 02 03 05 10 15 34 
554 - GER: 58 35 57 IGN: 16 17 19 28 45 21 31 53 54 02 03 05 10 15 34 
555 - GER: 58 35 02 IGN: 16 17 19 28 45 21 31 53 54 57 03 05 10 15 34 
556 - GER: 58 35 03 IGN: 16 17 19 28 45 21 31 53 54 57 02 05 10 15 34 
557 - GER: 58 35 05 IGN: 16 17 19 28 45 21 31 53 54 57 02 03 10 15 34 
558 - GER: 58 35 10 IGN: 16 17 19 28 45 21 31 53 54 57 02 03 05 15 34 
559 - GER: 58 35 15 IGN: 16 17 19 28 45 21 31 53 54 57 02 03 05 10 34 
560 - GER: 58 35 34 IGN: 16 17 19 28 45 21 31 53 54 57 02 03 05 10 15 
561 - GER: 58 53 54 IGN: 16 17 19 28 45 21 31 35 57 02 03 05 10 15 34 
562 - GER: 58 53 57 IGN: 16 17 19 28 45 21 31 35 54 02 03 05 10 15 34 
563 - GER: 58 53 02 IGN: 16 17 19 28 45 21 31 35 54 57 03 05 10 15 34 
564 - GER: 58 53 03 IGN: 16 17 19 28 45 21 31 35 54 57 02 05 10 15 34 
565 - GER: 58 53 05 IGN: 16 17 19 28 45 21 31 35 54 57 02 03 10 15 34 
566 - GER: 58 53 10 IGN: 16 17 19 28 45 21 31 35 54 57 02 03 05 15 34 
567 - GER: 58 53 15 IGN: 16 17 19 28 45 21 31 35 54 57 02 03 05 10 34 
568 - GER: 58 53 34 IGN: 16 17 19 28 45 21 31 35 54 57 02 03 05 10 15 
569 - GER: 58 54 57 IGN: 16 17 19 28 45 21 31 35 53 02 03 05 10 15 34 
570 - GER: 58 54 02 IGN: 16 17 19 28 45 21 31 35 53 57 03 05 10 15 34 
571 - GER: 58 54 03 IGN: 16 17 19 28 45 21 31 35 53 57 02 05 10 15 34 
572 - GER: 58 54 05 IGN: 16 17 19 28 45 21 31 35 53 57 02 03 10 15 34 
573 - GER: 58 54 10 IGN: 16 17 19 28 45 21 31 35 53 57 02 03 05 15 34 
574 - GER: 58 54 15 IGN: 16 17 19 28 45 21 31 35 53 57 02 03 05 10 34 
575 - GER: 58 54 34 IGN: 16 17 19 28 45 21 31 35 53 57 02 03 05 10 15 
576 - GER: 58 57 02 IGN: 16 17 19 28 45 21 31 35 53 54 03 05 10 15 34 
577 - GER: 58 57 03 IGN: 16 17 19 28 45 21 31 35 53 54 02 05 10 15 34 
578 - GER: 58 57 05 IGN: 16 17 19 28 45 21 31 35 53 54 02 03 10 15 34 
579 - GER: 58 57 10 IGN: 16 17 19 28 45 21 31 35 53 54 02 03 05 15 34 
580 - GER: 58 57 15 IGN: 16 17 19 28 45 21 31 35 53 54 02 03 05 10 34 
581 - GER: 58 57 34 IGN: 16 17 19 28 45 21 31 35 53 54 02 03 05 10 15 
582 - GER: 58 02 03 IGN: 16 17 19 28 45 21 31 35 53 54 57 05 10 15 34 
583 - GER: 58 02 05 IGN: 16 17 19 28 45 21 31 35 53 54 57 03 10 15 34 
584 - GER: 58 02 10 IGN: 16 17 19 28 45 21 31 35 53 54 57 03 05 15 34 
585 - GER: 58 02 15 IGN: 16 17 19 28 45 21 31 35 53 54 57 03 05 10 34 
586 - GER: 58 02 34 IGN: 16 17 19 28 45 21 31 35 53 54 57 03 05 10 15 
587 - GER: 58 03 05 IGN: 16 17 19 28 45 21 31 35 53 54 57 02 10 15 34 
588 - GER: 58 03 10 IGN: 16 17 19 28 45 21 31 35 53 54 57 02 05 15 34 
589 - GER: 58 03 15 IGN: 16 17 19 28 45 21 31 35 53 54 57 02 05 10 34 
590 - GER: 58 03 34 IGN: 16 17 19 28 45 21 31 35 53 54 57 02 05 10 15 
591 - GER: 58 05 10 IGN: 16 17 19 28 45 21 31 35 53 54 57 02 03 15 34 
592 - GER: 58 05 15 IGN: 16 17 19 28 45 21 31 35 53 54 57 02 03 10 34 
593 - GER: 58 05 34 IGN: 16 17 19 28 45 21 31 35 53 54 57 02 03 10 15 
594 - GER: 58 10 15 IGN: 16 17 19 28 45 21 31 35 53 54 57 02 03 05 34 
595 - GER: 58 10 34 IGN: 16 17 19 28 45 21 31 35 53 54 57 02 03 05 15 
596 - GER: 58 15 34 IGN: 16 17 19 28 45 21 31 35 53 54 57 02 03 05 10 
597 - GER: 21 31 35 IGN: 16 17 19 28 45 58 53 54 57 02 03 05 10 15 34 
598 - GER: 21 31 53 IGN: 16 17 19 28 45 58 35 54 57 02 03 05 10 15 34 
599 - GER: 21 31 54 IGN: 16 17 19 28 45 58 35 53 57 02 03 05 10 15 34 
600 - GER: 21 31 57 IGN: 16 17 19 28 45 58 35 53 54 02 03 05 10 15 34 
601 - GER: 21 31 02 IGN: 16 17 19 28 45 58 35 53 54 57 03 05 10 15 34 
602 - GER: 21 31 03 IGN: 16 17 19 28 45 58 35 53 54 57 02 05 10 15 34 
603 - GER: 21 31 05 IGN: 16 17 19 28 45 58 35 53 54 57 02 03 10 15 34 
604 - GER: 21 31 10 IGN: 16 17 19 28 45 58 35 53 54 57 02 03 05 15 34 
605 - GER: 21 31 15 IGN: 16 17 19 28 45 58 35 53 54 57 02 03 05 10 34 
606 - GER: 21 31 34 IGN: 16 17 19 28 45 58 35 53 54 57 02 03 05 10 15 
607 - GER: 21 35 53 IGN: 16 17 19 28 45 58 31 54 57 02 03 05 10 15 34 
608 - GER: 21 35 54 IGN: 16 17 19 28 45 58 31 53 57 02 03 05 10 15 34 
609 - GER: 21 35 57 IGN: 16 17 19 28 45 58 31 53 54 02 03 05 10 15 34 
610 - GER: 21 35 02 IGN: 16 17 19 28 45 58 31 53 54 57 03 05 10 15 34 
611 - GER: 21 35 03 IGN: 16 17 19 28 45 58 31 53 54 57 02 05 10 15 34 
612 - GER: 21 35 05 IGN: 16 17 19 28 45 58 31 53 54 57 02 03 10 15 34 
613 - GER: 21 35 10 IGN: 16 17 19 28 45 58 31 53 54 57 02 03 05 15 34 
614 - GER: 21 35 15 IGN: 16 17 19 28 45 58 31 53 54 57 02 03 05 10 34 
615 - GER: 21 35 34 IGN: 16 17 19 28 45 58 31 53 54 57 02 03 05 10 15 
616 - GER: 21 53 54 IGN: 16 17 19 28 45 58 31 35 57 02 03 05 10 15 34 
617 - GER: 21 53 57 IGN: 16 17 19 28 45 58 31 35 54 02 03 05 10 15 34 
618 - GER: 21 53 02 IGN: 16 17 19 28 45 58 31 35 54 57 03 05 10 15 34 
619 - GER: 21 53 03 IGN: 16 17 19 28 45 58 31 35 54 57 02 05 10 15 34 
620 - GER: 21 53 05 IGN: 16 17 19 28 45 58 31 35 54 57 02 03 10 15 34 
621 - GER: 21 53 10 IGN: 16 17 19 28 45 58 31 35 54 57 02 03 05 15 34 
622 - GER: 21 53 15 IGN: 16 17 19 28 45 58 31 35 54 57 02 03 05 10 34 
623 - GER: 21 53 34 IGN: 16 17 19 28 45 58 31 35 54 57 02 03 05 10 15 
624 - GER: 21 54 57 IGN: 16 17 19 28 45 58 31 35 53 02 03 05 10 15 34 
625 - GER: 21 54 02 IGN: 16 17 19 28 45 58 31 35 53 57 03 05 10 15 34 
626 - GER: 21 54 03 IGN: 16 17 19 28 45 58 31 35 53 57 02 05 10 15 34 
627 - GER: 21 54 05 IGN: 16 17 19 28 45 58 31 35 53 57 02 03 10 15 34 
628 - GER: 21 54 10 IGN: 16 17 19 28 45 58 31 35 53 57 02 03 05 15 34 
629 - GER: 21 54 15 IGN: 16 17 19 28 45 58 31 35 53 57 02 03 05 10 34 
630 - GER: 21 54 34 IGN: 16 17 19 28 45 58 31 35 53 57 02 03 05 10 15 
631 - GER: 21 57 02 IGN: 16 17 19 28 45 58 31 35 53 54 03 05 10 15 34 
632 - GER: 21 57 03 IGN: 16 17 19 28 45 58 31 35 53 54 02 05 10 15 34 
633 - GER: 21 57 05 IGN: 16 17 19 28 45 58 31 35 53 54 02 03 10 15 34 
634 - GER: 21 57 10 IGN: 16 17 19 28 45 58 31 35 53 54 02 03 05 15 34 
635 - GER: 21 57 15 IGN: 16 17 19 28 45 58 31 35 53 54 02 03 05 10 34 
636 - GER: 21 57 34 IGN: 16 17 19 28 45 58 31 35 53 54 02 03 05 10 15 
637 - GER: 21 02 03 IGN: 16 17 19 28 45 58 31 35 53 54 57 05 10 15 34 
638 - GER: 21 02 05 IGN: 16 17 19 28 45 58 31 35 53 54 57 03 10 15 34 
639 - GER: 21 02 10 IGN: 16 17 19 28 45 58 31 35 53 54 57 03 05 15 34 
640 - GER: 21 02 15 IGN: 16 17 19 28 45 58 31 35 53 54 57 03 05 10 34 
641 - GER: 21 02 34 IGN: 16 17 19 28 45 58 31 35 53 54 57 03 05 10 15 
642 - GER: 21 03 05 IGN: 16 17 19 28 45 58 31 35 53 54 57 02 10 15 34 
643 - GER: 21 03 10 IGN: 16 17 19 28 45 58 31 35 53 54 57 02 05 15 34 
644 - GER: 21 03 15 IGN: 16 17 19 28 45 58 31 35 53 54 57 02 05 10 34 
645 - GER: 21 03 34 IGN: 16 17 19 28 45 58 31 35 53 54 57 02 05 10 15 
646 - GER: 21 05 10 IGN: 16 17 19 28 45 58 31 35 53 54 57 02 03 15 34 
647 - GER: 21 05 15 IGN: 16 17 19 28 45 58 31 35 53 54 57 02 03 10 34 
648 - GER: 21 05 34 IGN: 16 17 19 28 45 58 31 35 53 54 57 02 03 10 15 
649 - GER: 21 10 15 IGN: 16 17 19 28 45 58 31 35 53 54 57 02 03 05 34 
650 - GER: 21 10 34 IGN: 16 17 19 28 45 58 31 35 53 54 57 02 03 05 15 
651 - GER: 21 15 34 IGN: 16 17 19 28 45 58 31 35 53 54 57 02 03 05 10 
652 - GER: 31 35 53 IGN: 16 17 19 28 45 58 21 54 57 02 03 05 10 15 34 
653 - GER: 31 35 54 IGN: 16 17 19 28 45 58 21 53 57 02 03 05 10 15 34 
654 - GER: 31 35 57 IGN: 16 17 19 28 45 58 21 53 54 02 03 05 10 15 34 
655 - GER: 31 35 02 IGN: 16 17 19 28 45 58 21 53 54 57 03 05 10 15 34 
656 - GER: 31 35 03 IGN: 16 17 19 28 45 58 21 53 54 57 02 05 10 15 34 
657 - GER: 31 35 05 IGN: 16 17 19 28 45 58 21 53 54 57 02 03 10 15 34 
658 - GER: 31 35 10 IGN: 16 17 19 28 45 58 21 53 54 57 02 03 05 15 34 
659 - GER: 31 35 15 IGN: 16 17 19 28 45 58 21 53 54 57 02 03 05 10 34 
660 - GER: 31 35 34 IGN: 16 17 19 28 45 58 21 53 54 57 02 03 05 10 15 
661 - GER: 31 53 54 IGN: 16 17 19 28 45 58 21 35 57 02 03 05 10 15 34 
662 - GER: 31 53 57 IGN: 16 17 19 28 45 58 21 35 54 02 03 05 10 15 34 
663 - GER: 31 53 02 IGN: 16 17 19 28 45 58 21 35 54 57 03 05 10 15 34 
664 - GER: 31 53 03 IGN: 16 17 19 28 45 58 21 35 54 57 02 05 10 15 34 
665 - GER: 31 53 05 IGN: 16 17 19 28 45 58 21 35 54 57 02 03 10 15 34 
666 - GER: 31 53 10 IGN: 16 17 19 28 45 58 21 35 54 57 02 03 05 15 34 
667 - GER: 31 53 15 IGN: 16 17 19 28 45 58 21 35 54 57 02 03 05 10 34 
668 - GER: 31 53 34 IGN: 16 17 19 28 45 58 21 35 54 57 02 03 05 10 15 
669 - GER: 31 54 57 IGN: 16 17 19 28 45 58 21 35 53 02 03 05 10 15 34 
670 - GER: 31 54 02 IGN: 16 17 19 28 45 58 21 35 53 57 03 05 10 15 34 
671 - GER: 31 54 03 IGN: 16 17 19 28 45 58 21 35 53 57 02 05 10 15 34 
672 - GER: 31 54 05 IGN: 16 17 19 28 45 58 21 35 53 57 02 03 10 15 34 
673 - GER: 31 54 10 IGN: 16 17 19 28 45 58 21 35 53 57 02 03 05 15 34 
674 - GER: 31 54 15 IGN: 16 17 19 28 45 58 21 35 53 57 02 03 05 10 34 
675 - GER: 31 54 34 IGN: 16 17 19 28 45 58 21 35 53 57 02 03 05 10 15 
676 - GER: 31 57 02 IGN: 16 17 19 28 45 58 21 35 53 54 03 05 10 15 34 
677 - GER: 31 57 03 IGN: 16 17 19 28 45 58 21 35 53 54 02 05 10 15 34 
678 - GER: 31 57 05 IGN: 16 17 19 28 45 58 21 35 53 54 02 03 10 15 34 
679 - GER: 31 57 10 IGN: 16 17 19 28 45 58 21 35 53 54 02 03 05 15 34 
680 - GER: 31 57 15 IGN: 16 17 19 28 45 58 21 35 53 54 02 03 05 10 34 
681 - GER: 31 57 34 IGN: 16 17 19 28 45 58 21 35 53 54 02 03 05 10 15 
682 - GER: 31 02 03 IGN: 16 17 19 28 45 58 21 35 53 54 57 05 10 15 34 
683 - GER: 31 02 05 IGN: 16 17 19 28 45 58 21 35 53 54 57 03 10 15 34 
684 - GER: 31 02 10 IGN: 16 17 19 28 45 58 21 35 53 54 57 03 05 15 34 
685 - GER: 31 02 15 IGN: 16 17 19 28 45 58 21 35 53 54 57 03 05 10 34 
686 - GER: 31 02 34 IGN: 16 17 19 28 45 58 21 35 53 54 57 03 05 10 15 
687 - GER: 31 03 05 IGN: 16 17 19 28 45 58 21 35 53 54 57 02 10 15 34 
688 - GER: 31 03 10 IGN: 16 17 19 28 45 58 21 35 53 54 57 02 05 15 34 
689 - GER: 31 03 15 IGN: 16 17 19 28 45 58 21 35 53 54 57 02 05 10 34 
690 - GER: 31 03 34 IGN: 16 17 19 28 45 58 21 35 53 54 57 02 05 10 15 
691 - GER: 31 05 10 IGN: 16 17 19 28 45 58 21 35 53 54 57 02 03 15 34 
692 - GER: 31 05 15 IGN: 16 17 19 28 45 58 21 35 53 54 57 02 03 10 34 
693 - GER: 31 05 34 IGN: 16 17 19 28 45 58 21 35 53 54 57 02 03 10 15 
694 - GER: 31 10 15 IGN: 16 17 19 28 45 58 21 35 53 54 57 02 03 05 34 
695 - GER: 31 10 34 IGN: 16 17 19 28 45 58 21 35 53 54 57 02 03 05 15 
696 - GER: 31 15 34 IGN: 16 17 19 28 45 58 21 35 53 54 57 02 03 05 10 
697 - GER: 35 53 54 IGN: 16 17 19 28 45 58 21 31 57 02 03 05 10 15 34 
698 - GER: 35 53 57 IGN: 16 17 19 28 45 58 21 31 54 02 03 05 10 15 34 
699 - GER: 35 53 02 IGN: 16 17 19 28 45 58 21 31 54 57 03 05 10 15 34 
700 - GER: 35 53 03 IGN: 16 17 19 28 45 58 21 31 54 57 02 05 10 15 34 
701 - GER: 35 53 05 IGN: 16 17 19 28 45 58 21 31 54 57 02 03 10 15 34 
702 - GER: 35 53 10 IGN: 16 17 19 28 45 58 21 31 54 57 02 03 05 15 34 
703 - GER: 35 53 15 IGN: 16 17 19 28 45 58 21 31 54 57 02 03 05 10 34 
704 - GER: 35 53 34 IGN: 16 17 19 28 45 58 21 31 54 57 02 03 05 10 15 
705 - GER: 35 54 57 IGN: 16 17 19 28 45 58 21 31 53 02 03 05 10 15 34 
706 - GER: 35 54 02 IGN: 16 17 19 28 45 58 21 31 53 57 03 05 10 15 34 
707 - GER: 35 54 03 IGN: 16 17 19 28 45 58 21 31 53 57 02 05 10 15 34 
708 - GER: 35 54 05 IGN: 16 17 19 28 45 58 21 31 53 57 02 03 10 15 34 
709 - GER: 35 54 10 IGN: 16 17 19 28 45 58 21 31 53 57 02 03 05 15 34 
710 - GER: 35 54 15 IGN: 16 17 19 28 45 58 21 31 53 57 02 03 05 10 34 
711 - GER: 35 54 34 IGN: 16 17 19 28 45 58 21 31 53 57 02 03 05 10 15 
712 - GER: 35 57 02 IGN: 16 17 19 28 45 58 21 31 53 54 03 05 10 15 34 
713 - GER: 35 57 03 IGN: 16 17 19 28 45 58 21 31 53 54 02 05 10 15 34 
714 - GER: 35 57 05 IGN: 16 17 19 28 45 58 21 31 53 54 02 03 10 15 34 
715 - GER: 35 57 10 IGN: 16 17 19 28 45 58 21 31 53 54 02 03 05 15 34 
716 - GER: 35 57 15 IGN: 16 17 19 28 45 58 21 31 53 54 02 03 05 10 34 
717 - GER: 35 57 34 IGN: 16 17 19 28 45 58 21 31 53 54 02 03 05 10 15 
718 - GER: 35 02 03 IGN: 16 17 19 28 45 58 21 31 53 54 57 05 10 15 34 
719 - GER: 35 02 05 IGN: 16 17 19 28 45 58 21 31 53 54 57 03 10 15 34 
720 - GER: 35 02 10 IGN: 16 17 19 28 45 58 21 31 53 54 57 03 05 15 34 
721 - GER: 35 02 15 IGN: 16 17 19 28 45 58 21 31 53 54 57 03 05 10 34 
722 - GER: 35 02 34 IGN: 16 17 19 28 45 58 21 31 53 54 57 03 05 10 15 
723 - GER: 35 03 05 IGN: 16 17 19 28 45 58 21 31 53 54 57 02 10 15 34 
724 - GER: 35 03 10 IGN: 16 17 19 28 45 58 21 31 53 54 57 02 05 15 34 
725 - GER: 35 03 15 IGN: 16 17 19 28 45 58 21 31 53 54 57 02 05 10 34 
726 - GER: 35 03 34 IGN: 16 17 19 28 45 58 21 31 53 54 57 02 05 10 15 
727 - GER: 35 05 10 IGN: 16 17 19 28 45 58 21 31 53 54 57 02 03 15 34 
728 - GER: 35 05 15 IGN: 16 17 19 28 45 58 21 31 53 54 57 02 03 10 34 
729 - GER: 35 05 34 IGN: 16 17 19 28 45 58 21 31 53 54 57 02 03 10 15 
730 - GER: 35 10 15 IGN: 16 17 19 28 45 58 21 31 53 54 57 02 03 05 34 
731 - GER: 35 10 34 IGN: 16 17 19 28 45 58 21 31 53 54 57 02 03 05 15 
732 - GER: 35 15 34 IGN: 16 17 19 28 45 58 21 31 53 54 57 02 03 05 10 
733 - GER: 53 54 57 IGN: 16 17 19 28 45 58 21 31 35 02 03 05 10 15 34 
734 - GER: 53 54 02 IGN: 16 17 19 28 45 58 21 31 35 57 03 05 10 15 34 
735 - GER: 53 54 03 IGN: 16 17 19 28 45 58 21 31 35 57 02 05 10 15 34 
736 - GER: 53 54 05 IGN: 16 17 19 28 45 58 21 31 35 57 02 03 10 15 34 
737 - GER: 53 54 10 IGN: 16 17 19 28 45 58 21 31 35 57 02 03 05 15 34 
738 - GER: 53 54 15 IGN: 16 17 19 28 45 58 21 31 35 57 02 03 05 10 34 
739 - GER: 53 54 34 IGN: 16 17 19 28 45 58 21 31 35 57 02 03 05 10 15 
740 - GER: 53 57 02 IGN: 16 17 19 28 45 58 21 31 35 54 03 05 10 15 34 
741 - GER: 53 57 03 IGN: 16 17 19 28 45 58 21 31 35 54 02 05 10 15 34 
742 - GER: 53 57 05 IGN: 16 17 19 28 45 58 21 31 35 54 02 03 10 15 34 
743 - GER: 53 57 10 IGN: 16 17 19 28 45 58 21 31 35 54 02 03 05 15 34 
744 - GER: 53 57 15 IGN: 16 17 19 28 45 58 21 31 35 54 02 03 05 10 34 
745 - GER: 53 57 34 IGN: 16 17 19 28 45 58 21 31 35 54 02 03 05 10 15 
746 - GER: 53 02 03 IGN: 16 17 19 28 45 58 21 31 35 54 57 05 10 15 34 
747 - GER: 53 02 05 IGN: 16 17 19 28 45 58 21 31 35 54 57 03 10 15 34 
748 - GER: 53 02 10 IGN: 16 17 19 28 45 58 21 31 35 54 57 03 05 15 34 
749 - GER: 53 02 15 IGN: 16 17 19 28 45 58 21 31 35 54 57 03 05 10 34 
750 - GER: 53 02 34 IGN: 16 17 19 28 45 58 21 31 35 54 57 03 05 10 15 
751 - GER: 53 03 05 IGN: 16 17 19 28 45 58 21 31 35 54 57 02 10 15 34 
752 - GER: 53 03 10 IGN: 16 17 19 28 45 58 21 31 35 54 57 02 05 15 34 
753 - GER: 53 03 15 IGN: 16 17 19 28 45 58 21 31 35 54 57 02 05 10 34 
754 - GER: 53 03 34 IGN: 16 17 19 28 45 58 21 31 35 54 57 02 05 10 15 
755 - GER: 53 05 10 IGN: 16 17 19 28 45 58 21 31 35 54 57 02 03 15 34 
756 - GER: 53 05 15 IGN: 16 17 19 28 45 58 21 31 35 54 57 02 03 10 34 
757 - GER: 53 05 34 IGN: 16 17 19 28 45 58 21 31 35 54 57 02 03 10 15 
758 - GER: 53 10 15 IGN: 16 17 19 28 45 58 21 31 35 54 57 02 03 05 34 
759 - GER: 53 10 34 IGN: 16 17 19 28 45 58 21 31 35 54 57 02 03 05 15 
760 - GER: 53 15 34 IGN: 16 17 19 28 45 58 21 31 35 54 57 02 03 05 10 
761 - GER: 54 57 02 IGN: 16 17 19 28 45 58 21 31 35 53 03 05 10 15 34 
762 - GER: 54 57 03 IGN: 16 17 19 28 45 58 21 31 35 53 02 05 10 15 34 
763 - GER: 54 57 05 IGN: 16 17 19 28 45 58 21 31 35 53 02 03 10 15 34 
764 - GER: 54 57 10 IGN: 16 17 19 28 45 58 21 31 35 53 02 03 05 15 34 
765 - GER: 54 57 15 IGN: 16 17 19 28 45 58 21 31 35 53 02 03 05 10 34 
766 - GER: 54 57 34 IGN: 16 17 19 28 45 58 21 31 35 53 02 03 05 10 15 
767 - GER: 54 02 03 IGN: 16 17 19 28 45 58 21 31 35 53 57 05 10 15 34 
768 - GER: 54 02 05 IGN: 16 17 19 28 45 58 21 31 35 53 57 03 10 15 34 
769 - GER: 54 02 10 IGN: 16 17 19 28 45 58 21 31 35 53 57 03 05 15 34 
770 - GER: 54 02 15 IGN: 16 17 19 28 45 58 21 31 35 53 57 03 05 10 34 
771 - GER: 54 02 34 IGN: 16 17 19 28 45 58 21 31 35 53 57 03 05 10 15 
772 - GER: 54 03 05 IGN: 16 17 19 28 45 58 21 31 35 53 57 02 10 15 34 
773 - GER: 54 03 10 IGN: 16 17 19 28 45 58 21 31 35 53 57 02 05 15 34 
774 - GER: 54 03 15 IGN: 16 17 19 28 45 58 21 31 35 53 57 02 05 10 34 
775 - GER: 54 03 34 IGN: 16 17 19 28 45 58 21 31 35 53 57 02 05 10 15 
776 - GER: 54 05 10 IGN: 16 17 19 28 45 58 21 31 35 53 57 02 03 15 34 
777 - GER: 54 05 15 IGN: 16 17 19 28 45 58 21 31 35 53 57 02 03 10 34 
778 - GER: 54 05 34 IGN: 16 17 19 28 45 58 21 31 35 53 57 02 03 10 15 
779 - GER: 54 10 15 IGN: 16 17 19 28 45 58 21 31 35 53 57 02 03 05 34 
780 - GER: 54 10 34 IGN: 16 17 19 28 45 58 21 31 35 53 57 02 03 05 15 
781 - GER: 54 15 34 IGN: 16 17 19 28 45 58 21 31 35 53 57 02 03 05 10 
782 - GER: 57 02 03 IGN: 16 17 19 28 45 58 21 31 35 53 54 05 10 15 34 
783 - GER: 57 02 05 IGN: 16 17 19 28 45 58 21 31 35 53 54 03 10 15 34 
784 - GER: 57 02 10 IGN: 16 17 19 28 45 58 21 31 35 53 54 03 05 15 34 
785 - GER: 57 02 15 IGN: 16 17 19 28 45 58 21 31 35 53 54 03 05 10 34 
786 - GER: 57 02 34 IGN: 16 17 19 28 45 58 21 31 35 53 54 03 05 10 15 
787 - GER: 57 03 05 IGN: 16 17 19 28 45 58 21 31 35 53 54 02 10 15 34 
788 - GER: 57 03 10 IGN: 16 17 19 28 45 58 21 31 35 53 54 02 05 15 34 
789 - GER: 57 03 15 IGN: 16 17 19 28 45 58 21 31 35 53 54 02 05 10 34 
790 - GER: 57 03 34 IGN: 16 17 19 28 45 58 21 31 35 53 54 02 05 10 15 
791 - GER: 57 05 10 IGN: 16 17 19 28 45 58 21 31 35 53 54 02 03 15 34 
792 - GER: 57 05 15 IGN: 16 17 19 28 45 58 21 31 35 53 54 02 03 10 34 
793 - GER: 57 05 34 IGN: 16 17 19 28 45 58 21 31 35 53 54 02 03 10 15 
794 - GER: 57 10 15 IGN: 16 17 19 28 45 58 21 31 35 53 54 02 03 05 34 
795 - GER: 57 10 34 IGN: 16 17 19 28 45 58 21 31 35 53 54 02 03 05 15 
796 - GER: 57 15 34 IGN: 16 17 19 28 45 58 21 31 35 53 54 02 03 05 10 
797 - GER: 02 03 05 IGN: 16 17 19 28 45 58 21 31 35 53 54 57 10 15 34 
798 - GER: 02 03 10 IGN: 16 17 19 28 45 58 21 31 35 53 54 57 05 15 34 
799 - GER: 02 03 15 IGN: 16 17 19 28 45 58 21 31 35 53 54 57 05 10 34 
800 - GER: 02 03 34 IGN: 16 17 19 28 45 58 21 31 35 53 54 57 05 10 15 
801 - GER: 02 05 10 IGN: 16 17 19 28 45 58 21 31 35 53 54 57 03 15 34 
802 - GER: 02 05 15 IGN: 16 17 19 28 45 58 21 31 35 53 54 57 03 10 34 
803 - GER: 02 05 34 IGN: 16 17 19 28 45 58 21 31 35 53 54 57 03 10 15 
804 - GER: 02 10 15 IGN: 16 17 19 28 45 58 21 31 35 53 54 57 03 05 34 
805 - GER: 02 10 34 IGN: 16 17 19 28 45 58 21 31 35 53 54 57 03 05 15 
806 - GER: 02 15 34 IGN: 16 17 19 28 45 58 21 31 35 53 54 57 03 05 10 
807 - GER: 03 05 10 IGN: 16 17 19 28 45 58 21 31 35 53 54 57 02 15 34 
808 - GER: 03 05 15 IGN: 16 17 19 28 45 58 21 31 35 53 54 57 02 10 34 
809 - GER: 03 05 34 IGN: 16 17 19 28 45 58 21 31 35 53 54 57 02 10 15 
810 - GER: 03 10 15 IGN: 16 17 19 28 45 58 21 31 35 53 54 57 02 05 34 
811 - GER: 03 10 34 IGN: 16 17 19 28 45 58 21 31 35 53 54 57 02 05 15 
812 - GER: 03 15 34 IGN: 16 17 19 28 45 58 21 31 35 53 54 57 02 05 10 
813 - GER: 05 10 15 IGN: 16 17 19 28 45 58 21 31 35 53 54 57 02 03 34 
814 - GER: 05 10 34 IGN: 16 17 19 28 45 58 21 31 35 53 54 57 02 03 15 
815 - GER: 05 15 34 IGN: 16 17 19 28 45 58 21 31 35 53 54 57 02 03 10 
816 - GER: 10 15 34 IGN: 16 17 19 28 45 58 21 31 35 53 54 57 02 03 05 
